9                
0                
0                
Migest2012.out                
                 
0.36 0.36              
6 6              
0 0 0 0 0 0 0 0 0
0 0 0 0 0 0 0 0 0
0 0 0 0 0 0 0 0 0
2                
                 
0.32 0.32              
12 12              
0 0 0 0 0 0 0 0 1
0 0 0 1 0 0 0 0 0
0 0 0 0 0 0 0 0 0
12                
                 
0.32 0.32              
20 20              
0 0 1 0 0 0 0 0 0
0 0 1 0 0 0 0 0 0
0 0 0 0 0 0 0 0 0
4                
                 
0.32 0.32              
6 6              
0 0 0 0 0 0 0 0 0
0 0 0 0 0 1 0 0 0
0 0 0 0 0 0 0 0 0
10                
                 
0.46 0.46              
4 4              
0 0 0 0 0 0 0 0 2
0 0 0 0 0 0 0 0 0
0 1 0 0 0 0 0 0 0
10                
                 
0.32 0.32              
6 6              
0 0 0 0 0 0 0 0 0
0 0 0 0 0 0 0 0 0
0 0 0 0 0 0 0 0 0
7                
                 
0.53 0.53              
1 1              
0 0 0 0 0 0 0 0 0
0 0 0 0 0 0 0 0 0
0 0 0 0 0 0 0 0 0
1                
                 
0.32 0.32              
10 10              
0 0 0 0 0 0 0 0 0
0 0 0 0 0 0 0 0 0
0 0 0 0 0 0 0 0 0
1                
                 
0.45 0.45              
22 22              
0 0 0 0 0 0 0 0 0
0 0 0 0 0 0 0 0 0
0 0 0 0 0 0 0 0 0
16                
                 
