9                  
0                  
0                  
Migest_2012.out                  
                   
0.7154 0.7154                
6 6                
0 0 0 0 0 0 0 0 0 0
0 0 0 0 0 0 0 0 0 0
0 0 0 0 0 0 0 0 0 0
2                  
                   
0.44 0.44                
2 2                
0 0 0 0 0 0 0 0 0 0
0 0 0 0 0 0 0 0 0 0
0 0 0 0 0 0 0 0 0 0
1                  
                   
0.8012 0.8012                
20 20                
0 0 1 0 0 0 0 0 0 0
0 0 1 0 0 0 0 0 0 0
0 0 0 0 0 0 0 0 0 0
4                  
                   
0.6795 0.6795                
6 6                
0 0 0 0 0 0 0 0 0 0
0 0 0 0 0 0 1 0 0 0
0 0 0 0 0 0 0 0 0 0
10                  
                   
0.7576 0.7576                
4 4                
0 0 0 0 0 0 0 0 0 2
0 0 0 0 0 0 0 0 0 0
0 0 0 0 0 1 0 0 0 0
10                  
                   
0.6059 0.6059                
9 9                
0 0 0 0 0 0 0 0 0 1
0 0 0 1 0 0 0 0 0 0
0 0 0 0 0 0 0 0 0 0
11                  
                   
0.7982 0.7982                
6 6                
0 0 0 0 0 0 0 0 0 0
0 0 0 0 0 0 0 0 0 0
0 0 0 0 0 0 0 0 0 0
7                  
                   
1 1                
10 10                
0 0 0 0 0 0 0 0 0 0
0 0 0 0 0 0 0 0 0 0
0 0 0 0 0 0 0 0 0 0
1                  
                   
0.4914 0.4914                
22 22                
0 0 0 0 0 0 0 0 0 0
0 0 0 0 0 0 0 0 0 0
0 0 0 0 0 0 0 0 0 0
16                  
                   
