10                    
0                    
0                    
Migest_2014.out                    
                     
0.5256 0.5256                  
4 4                  
0 0 0 0 0 0 0 0 0 0 0
0 0 0 0 0 0 0 0 0 0 0
0 0 0 0 0 0 0 0 0 0 0
6                    
                     
0.0641 0.0641                  
6 6                  
0 0 0 0 0 0 0 0 0 0 0
0 0 0 0 0 0 0 0 0 0 0
0 0 0 0 0 0 0 0 0 0 0
2                    
                     
0.1905 0.1905                  
20 20                  
0 0 0 0 0 0 0 0 0 0 0
0 0 0 0 0 0 0 0 0 0 0
0 0 0 0 0 0 0 0 0 0 0
29                    
                     
0.4477 0.4477                  
32 32                  
0 0 0 0 0 0 0 0 0 0 0
0 0 0 0 0 0 0 0 0 0 0
0 0 0 0 0 0 0 0 0 0 0
38                    
                     
0.8485 0.8485                  
3 3                  
0 0 0 0 0 0 0 0 0 0 0
0 0 0 0 0 0 0 0 0 0 0
0 0 0 0 0 0 0 0 0 0 0
1                    
                     
0.4314 0.4314                  
4 4                  
0 0 0 0 0 0 0 0 0 0 0
0 0 0 0 0 0 0 0 0 0 0
0 0 0 0 0 0 0 0 0 0 0
6                    
                     
0.1462 0.1462                  
50 50                  
0 0 0 0 0 0 0 0 0 0 0
0 0 0 0 0 0 0 0 0 0 0
0 0 0 0 0 0 0 0 0 0 0
32                    
                     
0.1533 0.1533                  
2 2                  
0 0 0 0 0 0 0 0 0 0 0
0 0 0 0 0 0 0 0 0 0 0
0 0 0 0 0 0 0 0 0 0 0
3                    
                     
0.7436 0.7436                  
2 2                  
0 0 0 0 0 0 0 0 0 0 0
0 0 0 0 0 0 0 0 0 0 0
0 0 0 0 0 0 0 0 0 0 0
1                    
                     
0.3052 0.3052                  
26 26                  
0 0 0 0 0 0 0 0 0 0 0
0 0 0 1 0 0 0 1 0 0 0
0 0 0 0 0 0 0 0 0 0 0
62                    
                     
