9                
0                
0                
Migest_2012.out                
                 
0.0167 0.0167              
6 6              
0 0 0 0 0 0 0 0 0
0 0 0 0 0 0 0 0 0
0 0 0 0 0 0 0 0 0
2                
                 
0.003 0.003              
12 12              
0 0 0 0 0 0 0 0 1
0 0 0 1 0 0 0 0 0
0 0 0 0 0 0 0 0 0
12                
                 
0.0035 0.0035              
20 20              
0 0 1 0 0 0 0 0 0
0 0 1 0 0 0 0 0 0
0 0 0 0 0 0 0 0 0
4                
                 
0.0278 0.0278              
6 6              
0 0 0 0 0 0 0 0 0
0 0 0 0 0 1 0 0 0
0 0 0 0 0 0 0 0 0
10                
                 
0.0385 0.0385              
4 4              
0 0 0 0 0 0 0 0 2
0 0 0 0 0 0 0 0 0
0 1 0 0 0 0 0 0 0
10                
                 
0.0196 0.0196              
6 6              
0 0 0 0 0 0 0 0 0
0 0 0 0 0 0 0 0 0
0 0 0 0 0 0 0 0 0
7                
                 
0.5 0.5              
0 0              
0 0 0 0 0 0 0 0 0
0 0 0 0 0 0 0 0 0
0 0 0 0 0 0 0 0 0
1                
                 
0.3256 0.3256              
10 10              
0 0 0 0 0 0 0 0 0
0 0 0 0 0 0 0 0 0
0 0 0 0 0 0 0 0 0
1                
                 
0.0019 0.0019              
22 22              
0 0 0 0 0 0 0 0 0
0 0 0 0 0 0 0 0 0
0 0 0 0 0 0 0 0 0
16                
                 
