8                
0                
0                
Migest_2012.out                
                 
0.7154 0.7154              
6 6              
0 0 0 0 0 0 0 0 0
0 0 0 0 0 0 0 0 0
0 0 0 0 0 0 0 0 0
2                
                 
0.4906 0.4906              
12 12              
0 0 0 0 0 0 0 0 1
0 0 0 1 0 0 0 0 0
0 0 0 0 0 0 0 0 0
12                
                 
0.8 0.8              
20 20              
0 0 1 0 0 0 0 0 0
0 0 1 0 0 0 0 0 0
0 0 0 0 0 0 0 0 0
4                
                 
0.6795 0.6795              
6 6              
0 0 0 0 0 0 0 0 0
0 0 0 0 0 1 0 0 0
0 0 0 0 0 0 0 0 0
10                
                 
0.7576 0.7576              
4 4              
0 0 0 0 0 0 0 0 2
0 0 0 0 0 0 0 0 0
0 1 0 0 0 0 0 0 0
10                
                 
0.7982 0.7982              
6 6              
0 0 0 0 0 0 0 0 0
0 0 0 0 0 0 0 0 0
0 0 0 0 0 0 0 0 0
7                
                 
1 1              
10 10              
0 0 0 0 0 0 0 0 0
0 0 0 0 0 0 0 0 0
0 0 0 0 0 0 0 0 0
1                
                 
0.4881 0.4881              
22 22              
0 0 0 0 0 0 0 0 0
0 0 0 0 0 0 0 0 0
0 0 0 0 0 0 0 0 0
16                
                 
