19                                    
0                                    
0                                    
Migest_allyears.out                                    
                                     
0.5148 0.5148                                  
52 52                                  
0 0 0 0 0 0 0 0 0 0 0 0 0 0 0 0 0 0 0
0 0 0 0 0 0 0 0 0 0 0 0 0 0 0 0 0 0 1
0 0 0 0 0 0 0 1 1 0 0 0 0 0 0 0 0 0 0
39                                    
                                     
0.3174 0.3174                                  
7 7                                  
0 0 0 0 0 0 0 0 0 0 0 0 0 0 0 0 0 0 0
0 0 0 0 0 0 0 0 0 0 0 0 0 0 0 0 0 0 0
0 0 0 0 0 0 0 0 0 0 0 0 0 0 0 0 0 0 0
6                                    
                                     
0.8571 0.8571                                  
4 4                                  
0 0 0 0 0 0 0 0 0 0 0 0 0 0 0 0 0 0 0
0 0 0 0 0 0 0 0 0 0 0 0 0 0 0 0 0 0 0
0 0 0 0 0 0 0 0 0 0 0 0 0 0 0 0 0 0 0
4                                    
                                     
0.5038 0.5038                                  
23 22                                  
0 0 0 0 0 0 0 0 0 0 0 0 0 0 0 0 0 0 0
0 0 0 0 0 0 0 0 1 0 0 0 0 0 0 0 0 0 0
0 0 0 0 0 0 0 0 0 0 0 0 0 0 0 0 0 0 1
19                                    
                                     
0.1101 0.1101                                  
9 9                                  
0 0 0 0 0 0 0 0 0 0 0 0 0 0 0 0 0 0 0
0 0 0 0 0 0 0 0 0 0 0 0 0 0 0 0 0 0 0
0 0 0 0 0 0 0 0 0 0 0 0 0 0 0 0 0 0 0
6                                    
                                     
0.0956 0.0956                                  
62 62                                  
0 0 0 0 0 0 0 0 0 0 0 0 0 0 0 0 0 0 0
0 0 0 0 0 0 0 0 0 0 0 0 0 1 0 0 0 0 0
0 0 0 0 0 0 0 0 0 1 0 0 0 0 0 0 0 0 0
29                                    
                                     
0.3097 0.3097                                  
20 20                                  
0 0 0 0 0 0 0 0 0 0 0 0 0 0 0 0 0 0 0
0 0 0 0 0 0 0 0 0 0 0 0 0 0 0 0 0 0 0
0 0 0 0 0 0 0 0 0 0 0 0 0 0 0 0 0 0 0
11                                    
                                     
0.2239 0.2239                                  
111 111                                  
0 0 0 0 0 0 1 0 1 0 0 0 0 0 0 0 0 0 1
0 0 0 0 0 0 1 1 0 0 0 0 0 0 0 0 0 0 0
0 0 0 0 0 0 0 1 0 1 0 0 0 0 0 0 1 0 0
84                                    
                                     
0.4988 0.4988                                  
198 197                                  
0 0 0 0 0 0 0 2 2 0 0 0 0 2 0 0 0 0 1
0 0 0 0 0 0 0 0 2 0 0 0 0 0 0 0 0 0 1
0 0 0 0 0 0 0 0 1 2 0 0 0 0 0 0 0 0 2
144                                    
                                     
0.801 0.801                                  
22 22                                  
0 0 0 0 0 0 0 0 0 0 0 0 0 0 0 0 0 0 0
0 0 0 0 0 0 0 1 0 0 0 0 0 0 0 0 0 0 0
0 0 0 0 0 0 0 0 0 0 0 0 0 0 0 0 0 0 0
18                                    
                                     
0.8379 0.8379                                  
20 19                                  
0 0 0 0 0 0 0 0 0 0 0 0 0 0 0 0 0 0 0
0 0 0 0 0 0 0 0 0 0 0 0 0 0 0 0 0 0 1
0 0 0 0 0 0 0 0 0 0 0 1 0 0 0 0 0 0 0
19                                    
                                     
0.3917 0.3917                                  
59 59                                  
0 0 0 0 0 0 0 0 0 0 0 0 0 0 0 0 0 0 0
0 0 0 0 0 0 0 0 0 0 0 0 0 0 0 0 0 0 0
0 0 0 0 0 0 0 0 1 0 0 0 0 0 0 0 0 0 1
33                                    
                                     
0.8011 0.8011                                  
23 23                                  
0 0 0 0 0 0 0 0 0 0 0 0 0 0 0 0 0 0 0
0 0 0 0 0 0 0 0 0 0 0 0 0 0 0 0 0 0 0
0 0 0 0 0 0 0 0 1 0 0 0 0 0 0 0 0 0 0
10                                    
                                     
0.1711 0.1711                                  
269 269                                  
0 0 0 0 0 0 0 0 0 0 0 0 0 1 0 0 0 1 0
1 0 0 0 0 0 0 0 0 0 0 0 0 2 0 0 0 1 1
0 0 0 0 0 0 0 0 0 0 0 0 0 0 0 0 1 0 1
148                                    
                                     
1 1                                  
2 1                                  
0 0 0 0 0 0 0 0 0 0 0 0 0 0 0 0 0 0 0
0 0 0 0 0 0 0 0 0 0 0 0 0 0 0 0 0 0 0
0 0 0 0 0 0 0 0 0 0 0 0 0 0 0 0 0 0 0
1                                    
                                     
0 0                                  
1 1                                  
0 0 0 0 0 0 0 0 0 0 0 0 0 0 0 0 0 0 0
0 0 0 0 0 0 0 0 0 0 0 0 0 0 0 0 0 0 0
0 0 0 0 0 0 0 0 0 0 0 0 0 0 0 0 0 0 0
0                                    
                                     
0.1932 0.1932                                  
54 53                                  
0 0 0 0 0 0 0 0 0 0 0 0 0 0 0 0 0 0 0
0 0 0 0 0 0 0 0 0 0 0 0 0 0 0 0 0 0 0
0 0 0 0 0 0 0 0 0 0 0 0 0 0 0 0 0 0 0
26                                    
                                     
0.7705 0.7705                                  
35 35                                  
0 0 0 0 0 0 0 0 0 0 0 0 0 0 0 0 0 0 0
0 0 0 0 0 0 0 0 0 0 0 0 0 0 0 0 0 0 0
0 0 0 0 0 0 0 0 0 0 0 0 0 0 0 0 0 1 0
17                                    
                                     
0.2962 0.2962                                  
230 229                                  
0 0 0 1 0 0 0 0 1 0 0 0 0 0 0 0 0 0 4
0 0 0 0 0 1 0 0 2 0 0 0 0 1 0 0 0 0 1
0 0 0 0 0 0 0 0 1 0 0 1 0 1 0 0 0 1 0
171                                    
                                     
